535 438 497 520 471 365 495 495 522 560 473 420 517 524 394 544 555 524 504 650
476 382 385 461 444 318 468 449 509 509 522 394 502 510 346 485 481 488 465 611
473 323 365 376 361 280 420 423 397 421 419 320 434 420 410 379 392 380 449 491
435 354 322 429 346 389 405 366 454 490 512 359 493 400 320 440 454 480 436 536
557 386 388 481 444 283 537 445 576 522 501 368 398 488 366 533 473 439 497 628
463 354 356 372 319 263 384 405 431 441 365 306 409 451 391 469 395 372 408 522
537 389 483 360 401 283 516 453 439 511 403 296 452 449 403 428 357 383 488 524
393 342 363 382 411 217 501 338 451 438 491 320 340 466 289 471 340 375 377 553
527 354 481 497 516 362 583 447 571 576 609 437 530 586 365 561 565 556 564 637
402 404 400 385 374 289 449 475 463 384 407 318 453 406 388 413 372 407 456 491
332 287 303 367 273 144 351 241 325 326 323 324 251 379 210 398 326 395 345 433
395 303 383 346 391 211 451 392 372 415 381 309 381 345 319 330 320 349 429 435
461 436 465 435 397 270 530 388 445 451 499 317 435 504 434 498 445 472 532 605
367 295 286 431 271 291 320 300 332 402 426 381 387 348 276 404 404 444 342 449
366 331 393 332 281 225 437 281 266 362 338 256 316 330 294 346 260 354 386 427
437 381 411 422 396 207 494 405 469 443 424 372 424 436 303 393 389 436 462 503
502 361 438 439 476 293 479 407 480 572 488 436 461 501 429 501 466 484 501 612
453 362 364 408 434 266 468 419 494 533 459 392 427 429 346 478 376 426 452 566
473 442 443 468 363 359 520 423 443 462 495 332 422 477 381 523 396 436 460 582
391 338 393 376 365 288 445 388 422 403 437 314 413 353 343 385 372 406 439 445
